#Plane Parameters
A: -0.0375893079
B: 0.512791455
C: 0.857689857
D: -0.772184074
cX: -0.248478323
cY: 0.0935122222
cZ: 0.832333326
#Box Filter Parameters
bnX: -0.0900000036
bnY: -0.0900000036
bnZ: -0.0149999997
bmX: 0.0900000036
bmY: 0.0900000036
bmZ: 0.100000001
box_size: 60
#Projection Parameters
Nv: 200
Nu: 200
focal_len: 210
mDis: 0.95865025281906124
nDis: 0.78865025281906131
#Patch size
xl: -0.0
xr: 0.1235005110502243
yu: 0.05
yd: -0.05
#Cropped Image
tplf_x: 20
tplf_y: 104
btrt_x: 57
btrt_y: 145
image_size: 40
