#Plane Parameters
A: 0.0319277644
B: 0.489622444
C: 0.871349812
D: -0.787930906
cX: 0.0201646611
cY: -0.0484000556
cZ: 0.930722475
#Box Filter Parameters
bnX: -0.0949999988
bnY: -0.0949999988
bnZ: -0.0149999997
bmX: 0.0949999988
bmY: 0.0949999988
bmZ: 0.100000001
#Projection Parameters
Nv: 200
Nu: 200
focal_len: 210
mDis: 1.0171982264518737
nDis: 0.84719822645187381
#Cropped Image
lf_x: 86
lf_y: 72
