#Plane Parameters
A: 0.0356013253
B: 0.480448425
C: 0.876300037
D: -0.794429064
cX: 0.0209992491
cY: -0.0446332507
cZ: 0.926857293
#Box Filter Parameters
bnX: -0.0949999988
bnY: -0.0949999988
bnZ: -0.0149999997
bmX: 0.0949999988
bmY: 0.0949999988
bmZ: 0.100000001
#Projection Parameters
Nv: 200
Nu: 200
focal_len: 210
mDis: 1.0131688928604126
nDis: 0.84316889286041263
#Cropped Image
tplf_x: 85
tplf_y: 74
btrt_x: 127
btrt_y: 108
image_size: 34