#Plane Parameters
A: -0.0527697168
B: 0.524196565
C: 0.849960804
D: -0.871602178
cX: 0.0519640781
cY: 0.305142462
cZ: 0.845000029
#Box Filter Parameters
bnX: -0.0900000036
bnY: -0.0900000036
bnZ: -0.0149999997
bmX: 0.0900000036
bmY: 0.0900000036
bmZ: 0.100000001
#Projection Parameters
Nv: 200
Nu: 200
focal_len: 210
mDis: 0.98490955591201779
nDis: 0.81490955591201786
#Patch size
xl: -0.045523401349782944
xr: 0.064156308770179749
yu: 0.069428205490112305
yd: -0.046746104955673218
#Cropped Image
tplf_x: 92
tplf_y: 154
btrt_x: 136
btrt_y: 200
image_size: 50