#Plane Parameters
A: -0.0423250273
B: 0.528736651
C: 0.847729981
D: -0.87103349
cX: 0.0680998787
cY: 0.291588187
cZ: 0.847400129
#Box Filter Parameters
bnX: -0.0900000036
bnY: -0.0900000036
bnZ: -0.0149999997
bmX: 0.0900000036
bmY: 0.0900000036
bmZ: 0.100000001
#Projection Parameters
Nv: 200
Nu: 200
focal_len: 210
mDis: 0.98374809980392453
nDis: 0.8137480998039246
#Patch size
xl: -0.074179589748382568
xr: 0.057189948856830597
yu: 0.08966277539730072
yd: -0.10660926997661591
#Cropped Image
tplf_x: 96
tplf_y: 151
btrt_x: 140
btrt_y: 196
image_size: 50