#Plane Parameters
A: -0.0818616822
B: 0.561191022
C: 0.823628068
D: -0.840852976
cX: 0.00860084873
cY: -0.0792549998
cZ: 1.0903352
#Box Filter Parameters
bnX: -0.0900000036
bnY: -0.0900000036
bnZ: -0.0149999997
bmX: 0.0900000036
bmY: 0.0900000036
bmZ: 0.100000001
#Projection Parameters
Nv: 200
Nu: 200
focal_len: 210
mDis: 1.1649798965454101
nDis: 0.99497989654541019
#Cropped Image
tplf_x: 86
tplf_y: 71
btrt_x: 119
btrt_y: 99
image_size: 50
#Patch size
xl: -0.011
xr: 0.011
yu: 0.011
yd: -0.011
