#Plane Parameters
A: -0.00235222536
B: 0.546102583
C: 0.83771503
D: -0.659322202
cX: 0.269267976
cY: 0.0469640903
cZ: 0.756900012
#Box Filter Parameters
bnX: -0.0949999988
bnY: -0.0949999988
bnZ: -0.0149999997
bmX: 0.0949999988
bmY: 0.0949999988
bmZ: 0.100000001
#Projection Parameters
Nv: 200
Nu: 200
focal_len: 210
mDis: 0.88974126338958737
nDis: 0.71974126338958744
#Cropped Image
tplf_x: 146
tplf_y: 92
btrt_x: 207
btrt_y: 137
image_size: 100